1,length,2240,1949
2,find,2032,1896
3,two,1939,1469
4,structure,1514,829
5,axis,1448,747
6,side,1445,1054
7,state,1445,1053
8,value,1298,1205
9,intersects,1270,919
10,read,1254,1249
11,square,1226,825
12,respectively,1202,1122
13,abcd,1167,1003
14,answer,1163,1146
15,certain,1147,1035
16,time,1145,828
17,circuit,1127,958
18,number,1100,928
19,transition,1057,725
20,field,1012,449
21,small,977,550
22,mass,959,654
23,measure,941,932
24,right,903,734
25,voltage,901,569
26,region,894,704
27,graph,892,651
28,circle,869,593
29,force,863,545
30,magnetic,834,292
31,system,822,671
32,direction,820,615
33,segment,812,517
34,magnitude,805,548
35,angle,804,659
36,function,801,544
37,along,781,687
38,known,780,759
39,horizontal,775,522
40,triangle,762,569
41,arrows,748,745
42,three,739,598
43,velocity,737,473
44,place,713,558
45,plane,710,444
46,radius,708,563
47,rectangle,705,505
48,current,703,507
49,distance,701,553
50,speed,682,462
51,expression,675,662
52,total,670,633
53,bonds,666,334
54,water,652,338
55,china,639,510
56,midpoint,629,548
57,ball,623,187
58,resistance,601,428
59,four,594,498
60,calculate,590,556
61,uniform,578,443
62,during,576,460
63,connected,572,480
64,perpendicular,571,492
65,placed,571,489
66,question,553,549
67,power,551,351
68,constant,550,449
69,sides,547,493
70,surface,547,363
71,many,537,519
72,electric,532,242
73,will,532,482
74,coordinate,522,437
75,intersect,514,484
76,acceleration,506,376
77,quadrilateral,504,416
78,consider,498,496
79,population,495,288
80,light,494,270
81,numbers,488,287
82,schematic,485,475
83,block,484,162
84,maximum,484,415
85,smiles,478,478
86,moving,477,421
87,output,477,388
88,ground,476,288
89,center,472,380
90,temperature,472,303
91,but,470,469
92,located,469,439
93,type,459,412
94,lines,453,370
95,object,453,168
96,connect,450,382
97,determine,449,353
98,rod,449,137
99,table,442,277
100,first,437,366
101,single,437,433
102,change,433,390
103,ratio,433,394
104,different,429,387
105,coordinates,427,369
106,map,426,409
107,equal,425,380
108,long,425,311
109,end,422,287
110,friction,420,256
111,squares,419,289
112,height,416,328
113,distribution,409,354
114,coil,408,134
115,ignoring,403,403
116,charge,401,257
117,energy,400,276
118,food,398,369
119,motion,392,289
120,parabola,391,195
121,diameter,385,348
122,process,382,318
123,perimeter,378,311
124,drawn,376,327
125,present,376,374
126,passes,372,354
127,degree,369,365
128,river,367,214
129,circular,362,220
130,large,360,297
131,components,358,356
132,double,358,352
133,including,357,356
134,electron,356,161
135,hydrogen,354,348
136,vertical,353,284
137,rest,352,307
138,left,351,296
139,air,350,242
140,minimum,345,323
141,involving,340,340
142,let,340,302
143,excluding,339,339
144,within,334,325
145,disregard,333,333
146,main,333,322
147,triple,329,329
148,linear,328,262
149,parallel,328,284
150,city,326,228
151,car,325,75
152,positive,325,257
153,rhombus,325,252
154,solution,325,253
155,changes,324,281
156,used,323,309
157,paper,318,213
158,shaded,318,290
159,cartesian,316,313
160,particle,315,117
161,straight,309,257
162,bisects,307,266
163,gas,307,121
164,pressure,305,193
165,circles,303,172
166,should,298,280
167,please,297,289
168,fixed,292,256
169,ideal,292,261
170,set,291,259
171,position,289,233
172,proportion,288,221
173,moves,287,246
174,sum,287,225
175,unit,285,250
176,coefficient,280,227
177,high,278,203
178,inside,277,233
179,average,276,219
180,metal,275,117
181,conditions,273,251
182,inclined,270,111
183,day,269,188
184,land,268,189
185,note,266,265
186,relationship,262,248
187,input,261,216
188,kinetic,260,192
189,source,256,210
190,acb,255,247
191,earth,253,119
192,gravitational,251,212
193,track,251,66
194,assume,250,218
195,period,250,209
196,spring,250,101
197,top,250,192
198,places,248,213
199,vertices,248,217
200,rate,247,183